28 30 42 
233331311223123212132122112333
313212222321223131211232221113
212223323221312222312313212212
231132213221111231222133221221
122131321121312123223333331221
132322213112132322312131333212
233111232131231122132112223133
311213121213211323121122123131
223132311133211122312322131131
323231323132323222232323322123
313112112311213213221323131133
331112111331131233223231321231
133123113111131233321233133331
132313122113121313132213222311
213112313232233121311123223121
111223122121332221113323113122
131123333122233211312223211313
212211211113212212222321221222
213222113113321323311231333223
132212123331133331113332312123
111133322211331122311212333113
333311321321321222222211311112
231312333231112331333111321121
333233212221313113132112331232
312121221211131331222321311323
321222213111131121132113212332
313321133313233331233332131122
211122133233322333133011233322
